1 97.90 0.24
2 98.40 0.39
3 96.79 0.63
4 86.21 0.41
5 95.60 0.52
6 89.79 0.34
12 99.25 0.10
13 98.78 0.13
14 97.78 0.25
15 98.61 0.16
16 98.49 0.18
23 98.49 0.34
24 98.41 0.29
25 98.74 0.31
26 98.41 0.38
34 96.83 0.30
35 98.42 0.32
36 96.81 0.50
45 95.69 0.47
46 93.56 0.30
56 96.84 0.20
123 99.24 0.11
124 99.19 0.08
125 99.34 0.11
126 99.15 0.10
134 98.75 0.13
135 99.06 0.12
136 98.87 0.14
145 98.54 0.21
146 98.41 0.18
156 98.77 0.15
234 98.44 0.25
235 98.85 0.29
236 98.47 0.35
245 98.46 0.31
246 98.28 0.27
256 98.70 0.29 
345 97.64 0.34
346 96.69 0.23
356 98.38 0.23
456 96.19 0.32
1234 99.20 0.09
1235 99.32 0.10
1236 99.21 0.10
1245 99.30 0.09
1246 99.19 0.08
1256 99.32 0.08
1345 98.98 0.14
1346 98.76 0.14
1356 99.00 0.13
1456 98.79 0.14
2345 98.60 0.31 
2346 98.33 0.28
2356 98.76 0.27
2456 98.57 0.26
3456 97.47 0.31
12345 99.27 0.10
12346 99.20 0.09
12356 99.31 0.09
12456 99.25 0.07
13456 98.97 0.13
23456 98.57 0.20
123456 99.27 0.07
